Game No 0: Rand won the toss.
probarray
[2.24330799e-10 4.06783992e-16 1.55420282e-16 3.55699359e-07
 1.48513223e-04 8.27584746e-11 3.16025560e-11 7.14019425e-10
 2.94385743e-07 9.46112401e-05 3.30330202e-11 7.22175505e-02
 5.91921206e-08 1.49240968e-12 1.37825463e-12 9.84499759e-10
 1.77918239e-07 2.25807397e-10 4.03357415e-11 4.14547857e-08]
rx matrix
[(9, 4), (9, 5), (9, 6), (9, 7), (10, 4), (10, 5), (10, 6), (10, 7), (11, 4), (11, 5), (11, 6), (11, 7), (12, 4), (12, 5), (12, 6), (12, 7), (13, 4), (13, 5), (13, 6), (13, 7)]
choosing : (11, 7)
probarray
[2.33365281e-03 4.15965367e-10 1.59510297e-13 2.82990188e-04
 7.40108142e-09 1.19843292e-13 2.92027231e-05 8.01806338e-13
 5.64494174e-11 5.67767566e-03 7.14827327e-10 4.14085900e-08
 2.16700925e-02 1.07807941e-09 1.85424187e-09]
rx matrix
[(7, 6), (7, 8), (7, 11), (9, 6), (9, 8), (9, 11), (10, 6), (10, 8), (10, 11), (12, 6), (12, 8), (12, 11), (13, 6), (13, 8), (13, 11)]
choosing : (13, 6)
[31mWarning: Player x made a suicide move. Ignoring
[0m
probarray
[1.40353144e-06 6.29333685e-05 8.31331214e-11 2.69888783e-10
 8.61335282e-11 6.44241221e-02 1.46390798e-08 1.07145032e-03
 4.99518603e-04 3.22252313e-05 3.92113905e-01 3.23301453e-07
 9.57382726e-07 3.14504120e-05 1.27225953e-06 2.63746435e-02
 4.44718971e-06 3.70434274e-07 1.38538509e-06 1.37381261e-07
 8.71907329e-01 7.94441722e-07 1.90055347e-07 4.08313494e-03
 1.78947635e-05]
rx matrix
[(6, 3), (6, 4), (6, 8), (6, 11), (6, 13), (7, 3), (7, 4), (7, 8), (7, 11), (7, 13), (9, 3), (9, 4), (9, 8), (9, 11), (9, 13), (10, 3), (10, 4), (10, 8), (10, 11), (10, 13), (12, 3), (12, 4), (12, 8), (12, 11), (12, 13)]
choosing : (12, 3)
[31mWarning: Player x made a suicide move. Ignoring
[0m
probarray
[2.38066537e-10 3.03382262e-15 1.86765952e-13 2.27399012e-10
 3.02079582e-08 1.80904997e-09 4.53928308e-08 5.77322170e-06
 2.67490753e-05 7.15774734e-07 9.08594591e-05 2.53767808e-02
 1.75112510e-03 1.35331100e-10 5.03864276e-12 8.31325874e-11
 1.96039087e-11 1.35397443e-08 1.98999920e-08 2.21897050e-06
 2.14279823e-07 5.97323040e-04 2.05741040e-07 7.66548770e-06
 1.83502279e-04 1.73174260e-02 9.91281320e-04 8.32814322e-07
 1.18595624e-04 5.18049287e-05 1.31052233e-09 1.66657670e-05
 5.13038278e-06 1.24862947e-05]
rx matrix
[(3, 4), (3, 5), (3, 8), (3, 11), (3, 12), (3, 13), (6, 1), (6, 4), (6, 5), (6, 8), (6, 11), (6, 12), (6, 13), (7, 1), (7, 4), (7, 5), (7, 8), (7, 11), (7, 12), (7, 13), (9, 1), (9, 4), (9, 5), (9, 8), (9, 11), (9, 12), (9, 13), (10, 1), (10, 4), (10, 5), (10, 8), (10, 11), (10, 12), (10, 13)]
choosing : (6, 12)
probarray
[9.28342696e-10 1.22041855e-09 1.84250828e-04 1.93004754e-04
 3.21557867e-07 2.27533275e-09 7.70213570e-09 2.89436995e-10
 2.94909559e-11 4.07274990e-08 3.21125887e-08 3.21900892e-11
 5.72866773e-13 8.20335754e-12 4.02039733e-07 1.75106997e-11
 3.12382723e-03 5.83514447e-05 2.38281029e-06 6.54784350e-11
 2.38978007e-09 1.97851795e-08 7.25074448e-12 3.11640994e-04
 2.90375888e-05 6.14971064e-14 1.83225778e-11 4.63233207e-13
 1.00051020e-06 1.00781561e-11 4.75811559e-05 4.03698441e-03
 2.24357683e-09 4.47351517e-11 1.51314188e-11]
rx matrix
[(3, 1), (3, 2), (3, 4), (3, 6), (3, 8), (3, 11), (3, 13), (7, 1), (7, 2), (7, 4), (7, 6), (7, 8), (7, 11), (7, 13), (9, 1), (9, 2), (9, 4), (9, 6), (9, 8), (9, 11), (9, 13), (10, 1), (10, 2), (10, 4), (10, 6), (10, 8), (10, 11), (10, 13), (12, 1), (12, 2), (12, 4), (12, 6), (12, 8), (12, 11), (12, 13)]
choosing : (12, 6)
probarray
[1.69597904e-05 3.72872560e-12 7.85275381e-07 9.89255276e-05
 1.28144118e-05 1.79496614e-09 5.56271600e-10 5.58607796e-07
 1.07950148e-10 8.75837619e-08 3.00717197e-07 1.70578247e-07
 1.65180820e-04 2.01239578e-03 1.02341718e-07 9.82141601e-11
 6.55757366e-12 2.35726800e-11 2.50266695e-02 1.08267609e-08
 7.44537969e-03 3.83350015e-02 3.46634927e-02 3.43622174e-08
 2.02364926e-07 4.26173073e-07 9.32981352e-09]
rx matrix
[(3, 0), (3, 1), (3, 2), (3, 4), (3, 6), (3, 7), (3, 11), (3, 12), (3, 13), (9, 0), (9, 1), (9, 2), (9, 4), (9, 6), (9, 7), (9, 11), (9, 12), (9, 13), (10, 0), (10, 1), (10, 2), (10, 4), (10, 6), (10, 7), (10, 11), (10, 12), (10, 13)]
choosing : (10, 4)
probarray
[1.23041957e-08 1.36684214e-11 2.33375897e-08 3.19480555e-12
 1.24877957e-08 1.68383743e-10 9.36539653e-01 4.28033155e-07
 1.74500678e-04 6.89232887e-09 1.29583488e-06 1.03031302e-06
 1.46077233e-12 2.81456711e-06 7.03843599e-01 1.01266823e-04
 2.12087579e-14 2.77724351e-11 4.08603644e-13 1.59834115e-18
 2.02963639e-13 2.77682577e-09 2.28617146e-02 1.92103615e-11
 9.15555468e-18]
rx matrix
[(3, 0), (3, 1), (3, 2), (3, 5), (3, 6), (3, 7), (3, 12), (3, 13), (4, 0), (4, 1), (4, 2), (4, 5), (4, 6), (4, 7), (4, 12), (4, 13), (9, 0), (9, 1), (9, 2), (9, 5), (9, 6), (9, 7), (9, 10), (9, 12), (9, 13)]
choosing : (3, 12)
probarray
[5.38566913e-01 1.32669625e-01 1.17483776e-02 2.60550700e-05
 4.01419039e-04 2.34520175e-08 3.37698419e-06 5.22735322e-05
 2.04650698e-10 9.74395789e-02 9.94678241e-01 1.09007415e-04
 1.23084138e-11 1.82773770e-08 2.34787719e-09 3.25160036e-06
 3.65061974e-10 1.70059738e-15 9.94050472e-01 9.99057807e-01
 1.81155199e-01 4.75946547e-08 6.35939642e-01 1.08664018e-08
 6.04991228e-08 1.55786620e-07 5.45897461e-11]
rx matrix
[(4, 0), (4, 2), (4, 3), (4, 5), (4, 6), (4, 7), (4, 10), (4, 11), (4, 13), (9, 0), (9, 2), (9, 3), (9, 5), (9, 6), (9, 7), (9, 10), (9, 11), (9, 13), (12, 0), (12, 2), (12, 3), (12, 5), (12, 6), (12, 7), (12, 10), (12, 11), (12, 13)]
choosing : (12, 2)
probarray
[2.13845081e-06 4.94337884e-09 2.63492615e-06 6.01765931e-10
 7.50765616e-06 2.29937824e-11 8.21396544e-11 1.67726161e-09
 1.68037056e-05 3.84531657e-03 4.49160459e-08 1.01072529e-03
 3.34838155e-06 3.78848423e-05 9.23075627e-15 3.54314876e-11
 3.98048441e-07 9.80389572e-07 6.03468209e-05 2.03665145e-09
 2.19835554e-09 2.35163002e-10 3.90067438e-05 1.63707742e-05
 4.80902521e-10 6.28478385e-09 8.20998764e-09]
rx matrix
[(2, 0), (2, 1), (2, 3), (2, 5), (2, 6), (2, 7), (2, 10), (2, 11), (2, 12), (4, 0), (4, 1), (4, 3), (4, 5), (4, 6), (4, 7), (4, 10), (4, 11), (4, 12), (9, 0), (9, 1), (9, 3), (9, 5), (9, 6), (9, 7), (9, 10), (9, 11), (9, 12)]
choosing : (4, 0)
probarray
[1.22341553e-08 1.53638063e-09 1.15283766e-06 1.32283434e-07
 1.48880503e-10 7.67066597e-09 1.08508923e-08 2.45160107e-03
 3.09034196e-06 2.21805389e-16 1.28710098e-07 1.74018306e-10
 4.97118992e-14 7.13147765e-19 8.73890748e-16 1.64050316e-18
 7.99606580e-11 1.15750095e-14 1.45815342e-07 2.99226882e-01
 1.35256146e-02 3.38720319e-05 4.43189407e-07 1.10476020e-03
 2.07657845e-06 1.28194415e-05 3.17865491e-04]
rx matrix
[(0, 1), (0, 4), (0, 5), (0, 6), (0, 7), (0, 8), (0, 10), (0, 11), (0, 12), (2, 1), (2, 4), (2, 5), (2, 6), (2, 7), (2, 8), (2, 10), (2, 11), (2, 12), (9, 1), (9, 4), (9, 5), (9, 6), (9, 7), (9, 8), (9, 10), (9, 11), (9, 12)]
choosing : (9, 4)
Rand Won in 19 steps!!
[['o' '0' '20']]
NN won 0 out of 1 games
